0 307 76.62
0 403 136.24
0 8 92.82
0 2366 75.24
1 1448 53.65
1 1500 128.75
1 1404 93.73
1 735 204.53
2 2500 70.48
2 980 134.97
2 981 9.21
3 823 61.07
3 11 62.08
3 1790 75.66
4 8 119.64
4 362 152.33
4 3581 93.42
5 4272 39.86
5 4993 58.51
5 744 146.16
6 823 229.89
6 3050 155.02
6 1631 101.18
7 3872 154.66
7 3890 76.91
8 0 92.82
8 3794 73.75
8 4 119.64
9 72 103.55
9 11 161.77
9 1356 59.03
10 4744 159.49
10 3352 115.68
10 3006 298.62
11 3 62.08
11 9 161.77
11 1790 32.33
12 1640 38.95
12 1224 167.25
13 20 11.73
13 21 55.55
13 14 45.62
14 21 15.39
14 26 13.31
14 13 45.62
15 3825 65.89
15 901 135.39
16 17 42.84
16 155 18.41
17 16 42.84
17 1224 70.16
17 1275 111.46
18 505 105.23
18 1003 54.3
18 892 54.5
19 1984 44.43
19 2984 67.25
19 3753 89.73
19 4862 30.08
20 5163 64.62
20 13 11.73
21 13 55.55
21 14 15.39
22 1200 91.63
22 4481 62.5
22 3013 9.46
22 4837 63.54
23 683 83.14
23 29 24.98
23 655 95.33
24 1121 68.31
24 1042 149.46
24 538 164.82
25 4992 18.13
25 3174 165.61
25 3119 430.81
26 2506 152.37
26 14 13.31
26 2655 111.67
27 466 55.02
27 1459 40.88
27 679 156.69
28 5136 96.79
28 538 100.76
28 1211 83.29
29 32 161.34
29 23 24.98
29 4857 404.46
30 3796 34.06
30 813 88.47
30 3870 28.27
31 3242 112.4
32 780 169.79
32 29 161.34
33 3777 140.93
34 1485 12.11
35 3657 59.39
35 4139 151.66
35 4125 121.99
36 199 159.14
36 1672 302.14
36 1692 121.5
37 4487 66.46
37 503 90.03
37 5080 72.44
37 4491 62.04
38 4768 57.49
38 3732 57.23
38 45 224.19
39 1169 93.31
39 2490 103.4
39 3756 170.69
40 5123 74.65
40 551 15.57
40 553 19.45
41 833 34.07
41 4199 62.71
41 4265 33.05
41 4205 36.15
42 50 33.31
42 52 83.85
42 185 37.58
43 400 35.75
43 2202 426.82
43 2958 140.29
44 5011 5.14
44 648 34.05
44 5001 19.69
45 38 224.19
45 1996 54.42
45 4988 36.63
46 48 110.4
46 51 48.49
46 1413 44.01
47 2578 79.2
47 2581 117.29
47 4798 22.85
48 1270 10.21
48 3480 122.96
48 46 110.4
49 3730 40.27
49 51 21.49
49 3976 111.16
50 185 17.96
50 42 33.31
50 3643 97.18
51 49 21.49
51 3273 27.26
51 46 48.49
52 184 8.84
52 42 83.85
53 913 6.13
53 4716 6.14
53 5164 26.2
54 4768 12.44
54 3732 18.88
54 1912 113.03
55 3703 611.07
55 863 152.33
56 3104 63.86
56 4387 13.04
56 2070 121.88
57 945 73.46
57 323 39.61
57 59 26.91
58 4387 181.6
58 2071 325.44
59 323 32.77
59 57 26.91
59 959 62.33
60 1623 91.57
60 653 24.37
60 367 12.77
61 1043 23.33
61 67 3.88
61 4713 103.17
62 2693 51.99
62 363 47.22
62 2603 13.61
62 879 101.77
63 1249 48.09
63 1252 12.81
63 3455 108.95
64 3104 126.03
64 1741 78.98
64 2478 251.5
65 5011 165.14
65 3399 155.7
65 4442 98.94
66 341 90.04
66 4822 129.56
66 1850 105.96
66 3230 89.4
67 128 26.95
67 61 3.88
68 1390 327.0
69 201 23.53
69 445 125.34
69 3391 3.72
70 72 202.8
70 77 126.45
70 4623 99.97
71 2096 58.89
72 70 202.8
72 4616 67.36
72 9 103.55
72 971 96.68
73 2614 587.46
73 4135 26.42
73 2569 198.76
74 688 52.82
74 4840 171.34
74 746 44.07
75 744 70.66
75 2733 30.3
75 1597 36.9
76 208 50.04
76 1003 74.65
76 5150 189.72
77 70 126.45
77 78 19.2
78 77 19.2
78 2478 47.85
79 705 45.02
79 3929 70.75
80 659 37.79
80 2358 21.19
81 4576 101.96
81 4568 66.11
82 1392 31.38
82 2960 134.21
82 2061 175.95
83 3363 77.31
83 85 151.46
83 86 150.1
83 4969 204.05
84 96 30.84
84 950 113.53
84 87 41.54
85 2817 56.95
85 83 151.46
85 2531 156.31
85 2585 56.3
86 83 150.1
86 4107 19.47
86 3211 28.88
86 3181 30.2
87 96 30.84
87 865 143.65
87 84 41.54
88 3482 66.22
88 4317 121.56
89 1958 41.01
89 662 13.57
89 4973 56.54
90 4133 53.03
90 4793 141.58
91 2550 40.4
91 5015 21.98
92 506 62.5
92 95 137.76
92 511 82.34
93 1078 31.44
93 2103 6.96
93 2088 6.83
94 371 10.19
94 3133 72.98
94 3551 49.06
95 627 105.7
95 601 19.62
95 92 137.76
96 84 30.84
96 852 33.86
96 87 30.84
97 1063 22.92
97 3516 30.75
97 3518 43.83
98 163 37.59
98 5003 11.42
98 3916 14.46
99 4594 30.68
99 259 31.38
100 642 200.57
100 679 81.91
100 1471 57.42
101 107 20.39
101 1963 5.58
101 109 26.75
102 4145 9.7
102 4147 9.1
102 431 21.8
103 103 0.0
103 3227 49.53
104 2193 64.49
104 3299 216.05
104 5083 9.66
105 4979 68.92
105 166 62.35
106 1207 9.34
107 3684 48.76
107 101 20.39
107 109 18.45
108 112 197.34
108 3185 34.04
108 3180 30.0
108 1389 175.42
109 5155 204.47
109 101 26.75
109 107 18.45
110 4963 111.36
110 2179 39.58
110 3132 116.0
110 111 149.34
111 4960 116.61
111 3948 76.5
111 4126 80.22
111 110 149.34
112 2795 108.65
112 3948 106.06
112 108 197.34
112 4958 136.85
113 5091 154.72
113 5081 110.91
113 5067 58.75
113 3743 166.81
114 3916 121.0
115 2290 99.11
115 901 79.74
115 2361 54.14
116 343 102.67
117 119 33.3
117 4426 203.69
117 3245 92.44
118 1851 62.66
118 221 33.76
119 117 33.3
119 5118 58.82
120 4629 39.6
120 2554 81.48
120 4779 93.14
120 4780 37.16
121 2459 82.52
122 3411 77.56
122 5022 129.53
123 1740 65.67
123 1054 31.01
124 2412 20.42
124 2077 153.92
124 126 59.13
125 2293 219.94
125 3290 220.9
126 4852 289.65
126 124 59.13
127 4690 14.35
127 4760 14.52
127 2443 102.64
128 67 26.95
128 201 4.46
129 1635 15.0
129 133 48.97
130 132 67.24
131 133 35.65
131 4805 80.88
132 3857 14.89
132 130 67.24
132 4886 4.16
133 129 48.97
133 131 35.65
134 4311 5.76
134 297 25.64
134 2858 13.89
135 3328 90.41
135 2290 21.41
135 1310 36.2
136 1448 85.85
137 853 141.94
137 1221 118.69
137 2143 260.87
138 2698 49.19
138 191 68.03
139 3030 79.41
139 142 17.08
139 143 14.54
140 192 13.6
140 2698 53.32
140 2063 118.82
141 561 55.09
141 738 122.14
141 1318 72.68
142 1190 13.44
142 139 17.08
142 143 17.43
143 3030 73.2
143 139 14.54
143 142 17.43
144 4336 45.0
144 4611 84.99
144 4430 151.1
145 3968 102.34
145 4044 87.13
145 4764 18.98
146 3110 19.19
146 2502 65.93
146 3063 13.35
146 3047 436.74
147 208 221.63
148 3460 85.03
148 1285 114.39
148 1163 137.73
149 4480 42.13
149 151 111.38
149 158 14.76
150 2145 31.0
150 4163 122.89
150 3372 93.76
151 4228 299.04
151 149 111.38
151 3339 34.3
152 1909 93.31
152 187 49.75
152 2827 634.79
153 1205 73.2
154 3712 424.52
154 3820 5.37
155 16 18.41
155 193 27.03
155 190 30.1
156 1136 146.25
156 4211 40.48
156 1046 43.91
157 1008 63.49
158 4480 43.44
158 4497 97.09
158 149 14.76
159 160 66.3
160 2099 83.42
160 2963 40.83
160 159 66.3
161 3344 65.88
161 4149 150.95
161 3317 63.07
161 3369 80.72
161 668 8.38
162 4163 30.49
162 187 51.65
162 3372 120.64
163 98 37.59
163 1461 31.05
163 2056 67.44
163 3694 54.71
164 3536 26.8
164 515 16.81
164 1815 30.16
164 4893 201.81
165 1792 29.21
165 3234 39.72
165 1805 8.57
166 2129 157.24
166 3557 260.7
166 105 62.35
166 3743 203.21
167 4516 20.28
167 169 57.26
168 1585 110.2
168 4257 31.52
168 3348 178.36
169 167 57.26
169 1819 6.08
169 172 24.22
170 2113 81.68
170 486 297.37
170 2534 113.47
171 1865 49.15
171 1819 11.11
171 381 15.29
172 169 24.22
172 1820 59.84
172 381 8.21
173 3557 76.72
173 3542 118.92
173 4152 222.96
173 4636 87.17
174 4506 19.58
174 938 34.39
174 4507 46.22
175 1735 21.64
175 2729 51.94
176 2869 44.38
176 3581 62.09
176 4750 90.73
177 1937 24.42
177 244 61.82
177 2550 134.79
178 4869 21.71
178 2761 111.11
178 2333 188.27
179 1507 18.62
179 1509 21.78
179 4575 7.78
180 2758 33.56
180 3144 345.9
180 4888 79.09
180 2316 58.18
181 2131 55.94
181 4630 110.7
181 2303 23.63
182 4567 76.93
182 3768 54.4
182 716 158.3
182 4989 109.62
183 4899 106.65
183 765 174.01
184 52 8.84
185 50 17.96
185 42 37.58
185 2509 26.52
186 4307 17.89
186 4311 33.84
186 4809 111.07
187 162 51.65
187 152 49.75
187 3071 3.92
188 466 46.71
188 933 48.53
188 905 111.47
189 3823 66.34
189 191 103.6
190 1669 17.82
190 155 30.1
190 1403 14.69
191 2122 44.42
191 138 68.03
191 189 103.6
192 2050 99.28
192 453 84.63
192 140 13.6
193 155 27.03
194 213 15.04
194 3046 13.45
194 4247 40.26
195 2017 182.32
195 2198 33.36
195 2200 74.02
196 1440 26.69
196 4460 154.09
196 204 88.89
197 4000 97.23
197 200 98.54
198 1490 347.64
198 452 12.15
198 203 118.82
199 1313 177.9
199 36 159.14
199 1371 131.02
200 197 98.54
201 128 4.46
201 69 23.53
201 4655 101.49
202 531 24.8
202 2059 19.2
202 203 14.65
203 198 118.82
203 4056 42.72
203 202 14.65
204 196 88.89
204 206 82.32
205 2262 1.97
206 1362 108.65
206 204 82.32
207 721 21.76
207 724 2.87
207 2604 6.3
207 3373 8.94
208 147 221.63
208 457 32.08
208 76 50.04
209 4212 180.76
209 1085 168.35
209 2239 41.27
210 1362 35.71
210 211 29.11
211 210 29.11
211 4940 147.84
212 693 108.42
212 3195 5.38
212 3199 173.78
213 194 15.04
213 3059 22.87
213 3046 12.89
214 836 11.23
214 4923 4.9
215 2218 66.18
216 998 52.61
217 418 50.66
217 530 132.52
217 2842 126.19
218 2277 107.61
218 533 31.76
218 2271 246.4
219 1200 67.33
219 4486 60.93
219 1199 60.5
220 967 54.01
221 625 89.81
221 118 33.76
221 4807 26.51
221 750 33.19
222 4117 156.87
222 331 106.84
222 571 106.4
223 1024 200.58
223 752 76.68
223 1875 6.95
223 854 8.47
223 3079 197.3
224 966 71.06
224 4619 119.29
225 3376 45.49
225 293 248.12
225 3672 161.67
226 2788 111.93
226 5018 208.54
226 4555 205.47
226 239 128.75
227 229 13.67
227 236 14.05
228 4566 95.29
228 3721 223.03
228 2074 148.57
228 3998 128.84
229 227 13.67
229 4597 25.97
229 4663 20.07
229 1085 54.74
230 3576 78.35
230 921 76.42
230 2540 35.85
231 882 39.11
231 4725 21.3
231 234 25.79
231 4892 82.46
232 4709 55.46
232 4447 53.89
232 4895 50.12
233 4544 17.49
233 4543 261.32
234 231 25.79
234 4890 82.39
234 236 13.17
235 2153 26.66
235 4313 50.92
235 4203 29.28
236 227 14.05
236 4212 35.07
236 234 13.17
237 3648 120.6
237 4578 12.26
238 1901 35.67
238 2461 43.99
238 3071 129.15
239 226 128.75
239 4276 104.27
239 2792 13.41
240 3627 38.44
241 5095 37.37
241 956 60.74
241 527 63.26
242 4150 70.72
242 4141 123.67
243 1888 175.21
243 2378 258.02
244 177 61.82
244 2602 107.75
244 4667 139.84
245 4533 151.21
246 1449 146.31
247 3833 128.33
247 266 20.47
247 1933 29.47
248 2273 246.04
249 720 12.99
249 4823 80.04
249 255 82.12
250 1955 26.53
250 4213 73.42
250 4774 60.39
251 2353 81.45
251 254 14.72
252 3473 106.34
252 4444 116.57
252 1038 82.37
252 1023 67.84
253 4209 84.06
253 258 51.22
253 4191 193.19
254 251 14.72
254 4780 12.92
255 2596 56.92
255 249 82.12
256 817 70.84
256 4009 245.84
256 922 25.9
257 480 67.68
258 253 51.22
259 99 31.38
259 372 106.0
259 1821 43.33
259 543 97.48
260 2402 15.34
260 2405 8.79
260 4154 13.61
261 4897 113.21
261 262 131.85
261 2251 61.71
261 1821 114.06
262 1521 42.94
262 261 131.85
262 4855 41.08
263 5089 246.05
263 2281 13.15
263 586 34.43
264 610 46.74
264 616 45.5
264 5018 91.66
265 690 115.22
265 1075 100.29
265 3982 141.58
265 1903 14.35
266 247 20.47
266 3210 94.14
266 1933 30.93
267 3077 226.61
267 3242 105.13
267 4059 129.03
267 3230 76.47
268 3724 129.62
269 281 25.45
269 330 8.83
269 3787 29.23
270 3712 109.04
270 3633 195.78
270 3491 338.57
270 3711 70.12
271 402 17.58
271 2149 19.95
271 2203 10.27
272 2664 342.88
273 4848 7.06
273 4487 62.15
273 1199 124.0
274 532 74.99
275 280 119.44
276 278 24.69
277 4884 83.13
277 293 163.8
277 4583 50.25
277 793 77.64
278 2754 21.55
278 276 24.69
278 4377 92.91
279 327 14.9
279 281 33.5
279 3949 157.25
280 275 119.44
280 3959 119.3
280 859 12.51
281 3072 171.31
281 279 33.5
281 3787 30.37
281 269 25.45
282 288 19.45
283 5027 74.17
283 2436 28.14
283 2476 39.49
284 1206 45.75
284 2681 12.67
284 685 64.14
284 2685 17.74
285 4052 40.99
285 4170 317.18
285 908 72.0
286 357 30.91
286 3397 140.7
286 2733 72.1
286 365 34.68
287 621 140.65
288 4068 67.08
288 3510 28.55
288 282 19.45
289 290 89.46
289 4998 81.58
290 289 89.46
290 4575 130.71
291 292 82.1
292 291 82.1
292 293 53.25
292 2667 66.25
293 225 248.12
293 292 53.25
293 277 163.8
294 4949 77.46
294 2647 66.11
294 1119 29.86
295 1136 187.55
295 2739 9.03
295 298 8.14
296 3202 30.24
296 3749 103.19
296 3962 135.54
297 4816 86.14
297 4308 11.48
297 134 25.64
298 295 8.14
298 300 6.3
298 2590 118.97
299 4933 63.61
299 1367 122.52
299 2847 51.07
300 2739 6.3
300 298 6.3
301 4882 133.33
301 4895 103.75
302 324 87.1
302 826 90.88
302 1455 26.18
303 314 23.97
304 355 31.44
304 4644 40.27
304 1503 166.56
305 308 3.72
305 315 49.99
305 316 14.42
306 962 59.51
306 4152 137.18
306 3583 92.8
306 959 133.91
307 0 76.62
307 3794 120.16
307 460 100.13
307 412 73.26
308 305 3.72
308 4262 25.77
308 319 13.64
309 4401 47.68
309 4330 71.0
309 4367 23.55
310 951 128.14
310 654 36.59
310 4127 62.29
311 4828 14.95
311 2974 21.24
312 326 144.52
312 734 26.57
312 782 190.4
313 2363 59.25
313 909 61.76
313 2254 91.25
314 2814 46.81
314 303 23.97
314 2767 63.93
315 4080 59.79
315 305 49.99
315 3423 76.51
316 305 14.42
316 377 151.38
316 319 10.96
317 2565 105.81
317 1927 14.88
318 4828 40.94
318 958 57.54
319 369 49.32
319 308 13.64
319 316 10.96
320 330 10.44
320 2348 18.19
320 3935 36.57
321 3667 55.35
321 3267 200.69
321 2660 89.46
322 838 67.23
322 1929 63.75
322 3627 514.92
323 3344 74.7
323 57 39.61
323 59 32.77
323 668 17.39
324 2256 20.39
324 3172 53.04
324 747 98.35
324 302 87.1
325 1585 115.98
325 3338 19.13
325 2299 7.52
326 4532 94.27
326 312 144.52
326 4527 46.96
327 279 14.9
327 4105 21.86
327 3098 44.53
328 1700 189.53
328 4884 361.35
328 1013 172.87
329 1929 74.9
330 320 10.44
330 1112 727.37
330 269 8.83
331 332 57.76
331 222 106.84
332 2065 179.92
332 331 57.76
333 337 106.17
333 3089 107.8
333 3227 272.43
334 3904 58.77
334 545 148.14
335 1265 23.46
335 1268 60.63
335 1802 114.63
335 1259 76.21
336 3190 58.5
336 3182 27.36
336 3983 181.14
337 1265 19.87
337 1804 114.9
337 333 106.17
338 344 81.58
339 3812 23.54
340 4844 153.5
340 3693 619.27
341 66 90.04
341 1845 107.4
341 1814 85.71
341 4811 145.0
342 353 64.39
342 427 25.68
342 347 20.65
343 116 102.67
343 346 64.65
343 4991 41.4
344 338 81.58
344 424 56.2
344 427 13.31
345 346 68.77
346 1041 81.72
346 343 64.65
346 345 68.77
347 342 20.65
347 427 27.51
347 3118 35.32
348 2273 54.42
348 4679 272.95
349 3118 36.38
350 352 117.74
350 477 44.98
350 558 231.01
351 354 80.2
352 3604 277.97
352 350 117.74
352 558 155.54
353 342 64.39
354 1512 6.62
354 1705 96.41
354 351 80.2
355 304 31.44
355 2086 335.0
356 3898 32.97
356 3915 41.09
356 2143 96.15
357 4993 95.0
357 365 52.53
357 286 30.91
358 3745 36.31
358 3603 225.96
358 5109 196.5
359 4129 25.25
359 3452 22.21
359 2366 87.71
360 1142 31.55
360 728 30.36
360 760 42.59
361 364 79.26
361 365 61.68
361 367 106.48
362 4 152.33
363 2870 13.88
363 876 93.37
363 62 47.22
363 3902 132.94
364 361 79.26
364 399 63.66
365 357 52.53
365 361 61.68
365 286 34.68
366 4219 29.95
366 412 79.19
366 2701 6.8
367 3397 89.98
367 361 106.48
367 60 12.77
367 653 19.16
368 3731 70.05
368 4344 104.94
368 378 31.8
369 393 110.65
369 3423 84.17
369 319 49.32
370 4402 26.79
370 2627 32.38
370 4404 26.78
371 374 30.95
371 397 9.32
371 94 10.19
371 382 13.73
372 4897 132.04
372 4594 128.7
372 259 106.0
373 4404 20.8
373 4407 44.04
373 2990 72.62
374 371 30.95
374 388 4.31
374 2587 20.97
375 963 220.83
375 2149 15.31
375 4619 99.32
376 3381 89.24
376 2939 50.81
376 1711 204.4
377 4826 6.78
377 316 151.38
378 368 31.8
379 2808 49.27
379 4108 39.99
379 396 164.66
380 3980 43.67
381 1865 40.89
381 171 15.29
381 172 8.21
382 385 23.58
382 371 13.73
382 3561 22.31
383 384 27.97
384 4682 59.2
384 3980 86.16
384 383 27.97
385 3561 24.63
385 2587 20.1
385 382 23.58
386 4688 90.38
386 3994 87.52
386 4682 69.55
387 4744 134.12
388 374 4.31
388 3576 340.88
388 397 32.74
389 3236 46.53
389 428 95.65
390 2818 78.19
390 3587 162.18
390 1160 86.89
391 4060 31.73
391 396 26.9
391 2814 9.65
392 695 32.63
392 3256 109.27
392 2462 27.93
393 369 110.65
393 2186 42.94
393 1610 157.26
394 4902 90.14
394 2938 63.28
395 401 97.89
395 3300 119.19
395 1864 21.04
396 391 26.9
396 379 164.66
396 4060 13.9
397 371 9.32
397 388 32.74
397 2668 148.89
398 818 81.41
399 3400 148.76
399 364 63.66
399 653 112.28
400 43 35.75
400 4157 116.89
401 395 97.89
401 973 57.45
401 1870 27.16
402 677 139.45
402 2149 19.21
402 271 17.58
403 0 136.24
403 3984 15.35
403 825 55.95
403 460 68.54
404 449 181.97
404 407 59.57
404 408 38.84
405 2353 36.56
405 2354 35.24
405 1965 54.05
406 659 30.62
406 1334 235.0
406 2734 22.43
407 404 59.57
408 404 38.84
408 409 42.0
408 2828 116.73
409 408 42.0
409 4504 96.62
409 413 163.38
410 4219 58.02
410 460 60.18
410 412 65.63
411 1664 179.1
411 2273 104.13
411 4566 97.9
411 4653 75.15
412 307 73.26
412 518 146.99
412 410 65.63
412 366 79.19
413 3544 21.82
413 409 163.38
413 414 146.17
414 4935 12.84
414 413 146.17
414 4942 158.5
415 2464 127.73
415 2657 110.81
415 2168 132.13
415 841 57.87
416 3057 45.06
416 418 82.63
416 2038 94.0
417 419 73.09
417 2038 87.67
417 4935 192.35
418 416 82.63
418 2277 193.39
418 217 50.66
419 417 73.09
419 2842 9.34
419 2878 37.14
420 434 25.0
420 439 18.87
420 442 10.72
421 4961 157.37
421 4289 19.57
421 1295 26.95
422 449 27.29
422 3544 104.04
422 425 58.38
423 4791 9.01
423 4793 5.54
423 1628 8.53
424 344 56.2
424 4315 77.96
424 3486 120.27
425 422 58.38
426 5056 125.39
426 5124 345.63
426 1022 519.04
427 342 25.68
427 344 13.31
427 347 27.51
428 389 95.65
428 2569 91.64
429 449 11.58
429 451 35.98
429 430 58.42
430 429 58.42
431 102 21.8
431 3822 62.56
432 3330 29.44
432 474 83.65
432 2782 148.38
433 451 58.22
434 420 25.0
434 439 26.71
434 2942 74.26
435 4976 130.52
435 2178 67.46
435 4295 94.49
436 2658 70.45
436 440 30.65
436 447 8.64
437 4139 78.79
437 3005 152.34
438 1120 75.83
438 4625 209.34
438 443 29.63
439 4530 177.98
439 434 26.71
439 420 18.87
440 3552 186.89
440 3188 31.88
440 436 30.65
441 4915 43.31
441 4965 63.49
441 4285 114.14
442 420 10.72
442 4741 78.36
442 4136 55.83
443 438 29.63
443 4284 32.91
443 4285 24.7
444 4000 55.93
444 1490 62.61
444 3999 45.32
445 69 125.34
445 966 45.04
445 1740 35.12
446 450 97.04
446 4058 49.98
446 4076 318.65
447 3188 12.61
447 436 8.64
447 454 27.45
447 2654 25.07
448 452 81.03
448 2043 17.78
449 404 181.97
449 422 27.29
449 429 11.58
450 4064 115.21
450 446 97.04
450 671 62.19
451 433 58.22
451 4939 83.86
451 429 35.98
452 448 81.03
452 198 12.15
452 4056 101.21
453 192 84.63
453 2040 16.3
454 2658 36.73
454 2654 18.51
454 447 27.45
455 2952 15.75
455 461 48.29
455 3917 32.01
456 4164 23.4
456 1192 46.42
456 462 68.31
457 208 32.08
457 505 64.33
457 2857 134.83
458 3040 10.89
458 3044 318.73
459 3824 80.4
459 2807 233.96
459 3928 36.89
459 3930 45.13
460 307 100.13
460 403 68.54
460 410 60.18
460 751 14.44
461 468 14.47
461 455 48.29
461 471 52.35
462 456 68.31
462 1161 22.91
462 1195 46.01
463 469 156.46
463 1703 177.09
463 1608 181.22
464 497 136.95
464 3489 48.5
464 4074 94.08
465 2656 24.55
465 3990 7.12
465 4495 69.91
466 905 120.92
466 27 55.02
466 188 46.71
467 4823 24.79
468 2952 50.21
468 475 52.09
468 461 14.47
469 1872 49.09
469 952 17.5
469 463 156.46
470 2112 73.31
470 3800 15.58
470 510 84.66
471 475 14.1
471 476 52.69
471 461 52.35
472 3184 19.71
472 1185 115.44
472 3235 100.26
472 1891 36.52
473 597 137.66
473 2603 85.58
473 2701 47.72
473 751 113.74
474 432 83.65
474 3733 57.0
474 1855 50.21
475 483 52.75
475 468 52.09
475 471 14.1
476 483 13.68
476 485 50.54
476 471 52.69
477 1624 83.65
477 350 44.98
477 783 104.65
478 4592 6.5
478 1932 66.24
479 1075 29.07
479 3990 47.8
479 4494 75.91
480 257 67.68
480 3074 23.86
480 2340 60.99
481 1544 7.74
481 3337 10.27
481 2859 22.75
482 3045 9.69
482 1877 317.05
483 475 52.75
483 476 13.68
483 2830 51.89
484 1927 9.56
484 1911 13.72
484 4587 11.02
485 488 61.0
485 634 295.53
485 476 50.54
485 2830 13.34
486 2272 58.86
486 170 297.37
486 508 27.91
487 1125 105.8
488 485 61.0
488 490 13.52
488 492 58.57
489 5147 89.62
489 2047 33.87
490 488 13.52
490 2830 59.96
490 495 58.26
491 2690 246.41
491 4103 76.05
491 520 32.63
492 2832 59.5
492 488 58.57
492 495 13.04
493 2488 59.01
493 2491 121.63
493 4013 18.92
494 2482 38.75
494 2908 17.16
494 4252 122.6
495 498 60.69
495 490 58.26
495 492 13.04
496 884 63.29
496 2857 96.94
496 1471 24.78
497 464 136.95
498 2832 13.6
498 2734 177.19
498 495 60.69
499 2667 8.34
500 4708 89.73
500 1845 130.38
500 4813 46.46
501 2496 88.27
501 1170 62.45
501 3977 79.74
502 504 77.53
503 4880 71.37
503 2496 10.37
503 4481 62.39
503 37 90.03
504 3361 57.13
504 502 77.53
504 3658 67.56
505 18 105.23
505 884 63.95
505 457 64.33
506 92 62.5
507 1456 34.96
507 509 15.26
508 486 27.91
509 4400 22.48
509 507 15.26
510 1060 116.96
510 470 84.66
510 3815 156.67
511 92 82.34
512 4881 57.73
512 2248 75.06
513 3138 50.23
513 2915 435.07
513 4344 543.19
514 531 23.38
514 536 23.6
514 618 53.71
515 3536 13.76
515 164 16.81
515 3510 142.43
515 2287 23.31
516 2692 5.24
516 517 6.92
516 2825 11.57
516 2330 16.02
517 2692 6.28
517 516 6.92
517 2311 13.74
517 2856 20.8
518 3794 67.33
518 412 146.99
518 4750 79.28
519 4352 53.08
519 886 5.43
519 1031 39.22
520 491 32.63
520 732 37.05
520 4111 123.81
521 746 10.18
521 1786 28.52
521 605 33.7
522 2838 47.23
522 2438 198.09
522 4679 194.63
522 4396 45.94
523 4583 92.04
524 534 14.56
525 1246 197.92
526 4641 90.52
526 4050 196.45
526 4646 72.49
527 241 63.26
527 548 53.26
527 5095 74.64
528 3908 67.72
528 4933 73.49
528 2248 96.66
528 1932 11.48
529 4833 203.01
529 3303 49.56
529 3226 125.83
529 623 17.41
530 533 73.58
530 535 75.34
530 217 132.52
531 514 23.38
531 536 21.79
531 202 24.8
532 274 74.99
532 3314 56.83
532 3817 76.33
533 530 73.58
533 535 14.16
533 218 31.76
534 1496 50.8
534 537 39.3
534 524 14.56
535 530 75.34
535 533 14.16
536 4784 182.74
536 514 23.6
536 531 21.79
537 534 39.3
538 645 87.81
538 24 164.82
538 28 100.76
539 581 43.82
539 542 16.71
539 623 453.01
540 4858 18.73
540 5130 44.27
541 2374 108.65
541 2251 54.66
541 543 157.42
542 544 37.53
542 539 16.71
543 2354 114.99
543 259 97.48
543 541 157.42
544 577 12.91
544 3258 14.28
544 542 37.53
545 546 85.6
545 2524 45.66
545 334 148.14
546 4721 244.3
546 545 85.6
546 1093 118.54
547 3414 7.22
547 4254 7.22
548 550 45.77
548 527 53.26
548 3247 47.24
549 3607 104.98
549 3611 31.55
549 4605 40.01
550 548 45.77
550 4858 136.62
550 554 27.28
551 565 6.37
551 40 15.57
551 553 9.67
552 3873 209.4
552 3446 34.62
552 3258 21.13
552 3259 25.21
553 3414 3.03
553 551 9.67
553 40 19.45
554 550 27.28
554 1485 96.33
555 2067 188.78
555 565 15.36
555 557 10.88
556 3009 8.53
556 2556 38.69
557 1204 17.26
557 555 10.88
557 1967 12.77
558 352 155.54
558 3605 32.58
558 350 231.01
559 4254 6.79
559 1166 122.07
559 1967 3.75
560 580 27.23
560 1381 34.39
560 2294 33.17
561 2053 22.09
561 2525 5.19
561 141 55.09
562 2064 85.83
562 564 97.4
563 1520 97.3
563 568 183.68
563 2313 162.15
564 3008 67.46
564 562 97.4
564 4095 203.84
565 551 6.37
565 5147 94.52
565 555 15.36
566 816 73.53
566 1348 11.17
566 820 60.74
567 1689 25.37
567 570 34.07
568 563 183.68
568 3529 87.95
568 5081 86.11
569 4568 104.29
570 1427 95.59
570 567 34.07
571 572 34.43
571 222 106.4
572 571 34.43
572 1150 35.1
573 2530 93.24
573 610 23.43
573 2936 142.69
574 1237 204.25
574 1677 88.33
575 1650 54.09
575 4995 58.91
576 579 123.37
577 544 12.91
577 2757 25.04
577 581 19.43
577 582 60.93
577 3258 14.77
577 1005 121.31
578 4873 127.0
578 2313 82.7
578 4447 92.12
579 576 123.37
579 1429 10.99
579 1277 43.96
580 560 27.23
580 2884 51.76
580 2890 53.71
581 577 19.43
581 2757 25.12
581 539 43.82
582 577 60.93
582 3259 34.79
582 1004 63.0
583 5060 203.62
583 1530 235.09
583 700 118.86
584 3392 103.49
584 585 28.41
584 591 21.75
585 3220 65.26
585 2470 55.64
585 584 28.41
585 591 22.25
586 263 34.43
586 4395 9.09
587 2304 60.29
587 3392 74.69
587 3505 13.47
587 1284 129.58
588 624 55.27
588 617 66.02
588 620 22.53
589 593 15.78
589 3250 7.76
589 595 90.09
589 3167 8.22
590 3512 9.06
590 1546 13.37
590 1562 28.45
591 584 21.75
591 585 22.25
591 607 126.51
592 1785 332.61
592 633 71.95
593 3272 10.39
593 589 15.78
593 3167 19.06
594 609 42.99
594 966 24.4
594 4766 61.41
595 589 90.09
596 976 91.63
596 2432 201.06
596 989 9.05
597 598 14.85
597 473 137.66
597 751 150.0
598 816 23.96
598 597 14.85
599 2858 81.77
600 897 41.21
600 899 95.27
600 2922 48.17
601 4998 226.54
601 602 39.69
601 95 19.62
602 4997 80.45
602 601 39.69
602 4442 26.97
603 2753 170.6
603 612 25.75
603 2189 18.57
604 658 18.41
604 1336 38.4
604 1343 47.03
605 1801 21.79
605 521 33.7
605 1214 49.16
606 2624 87.42
606 613 14.93
607 2052 43.65
607 617 115.21
607 1546 137.29
607 591 126.51
608 2116 20.14
609 626 125.59
609 594 42.99
609 620 50.86
609 4845 109.96
610 264 46.74
610 616 26.3
610 573 23.43
611 697 50.29
611 635 127.49
612 644 10.76
612 4603 148.52
612 603 25.75
613 2624 86.84
613 606 14.93
613 3471 48.82
614 4353 143.33
614 2081 287.74
614 1317 223.5
615 2304 37.83
615 626 176.88
615 4585 86.97
616 610 26.3
616 264 45.5
616 3562 281.73
617 4789 31.28
617 588 66.02
617 607 115.21
618 514 53.71
618 2052 129.36
618 1321 71.38
619 3841 41.19
619 1751 18.97
620 609 50.86
620 588 22.53
621 2304 42.62
621 3512 51.48
621 287 140.65
622 1751 88.57
622 3836 188.07
623 529 17.41
623 2712 131.23
623 3208 87.12
623 539 453.01
624 626 55.31
624 588 55.27
625 4809 29.69
625 221 89.81
625 4525 178.59
626 624 55.31
626 609 125.59
626 615 176.88
627 95 105.7
628 641 87.6
628 628 0.0
629 683 92.96
629 2189 12.4
630 644 6.28
630 1998 2.14
631 645 49.35
631 3308 40.17
631 2125 133.72
632 939 88.07
632 2827 13.1
633 592 71.95
633 657 193.07
634 485 295.53
634 3818 206.27
634 4015 17.39
635 611 127.49
635 669 396.59
636 774 338.07
636 3686 342.8
637 1461 52.6
637 4859 46.94
637 3724 46.6
638 1922 88.27
638 2663 89.63
638 1257 126.93
639 693 105.4
639 4904 119.79
639 3929 134.48
640 4904 30.94
640 702 55.76
641 628 87.6
641 4727 42.36
641 4719 247.08
642 100 200.57
642 2857 210.01
642 1935 88.35
643 3778 135.01
643 2018 12.93
643 2666 144.05
644 2642 142.04
644 612 10.76
644 630 6.28
645 631 49.35
645 538 87.81
645 3308 29.39
646 945 216.52
646 1754 79.88
646 654 35.97
647 3396 66.51
647 5002 122.75
647 2974 126.95
648 3400 14.3
648 5000 28.26
648 44 34.05
649 3362 56.45
649 1957 99.55
649 1753 32.28
650 2066 1126.44
650 675 15.23
651 1998 31.11
651 655 61.56
652 656 17.27
652 4849 11.65
652 4506 135.04
653 60 24.37
653 367 19.16
653 399 112.28
654 646 35.97
654 310 36.59
654 1754 57.04
655 23 95.33
655 651 61.56
656 2646 13.21
656 745 134.75
656 652 17.27
657 3703 328.15
657 633 193.07
658 1344 47.96
658 661 55.46
658 604 18.41
659 80 37.79
659 3268 53.5
659 406 30.62
659 2639 211.29
660 3250 292.52
660 3206 25.47
660 664 11.6
661 658 55.46
661 682 66.26
661 3147 166.92
662 89 13.57
663 3268 12.08
663 1723 77.02
664 660 11.6
664 665 48.58
665 664 48.58
665 3183 10.67
666 4357 182.64
666 1177 38.31
666 3547 76.48
667 1250 114.54
668 161 8.38
668 323 17.39
668 4715 64.53
669 635 396.59
669 4879 183.66
670 3686 102.3
670 3693 125.37
671 450 62.19
671 1143 67.29
671 1161 47.57
671 1531 27.54
672 4640 13.02
672 5156 131.4
672 1018 102.21
673 4052 562.21
673 2858 13.88
673 4781 398.11
674 2215 20.36
674 1047 52.43
674 1099 94.64
675 4947 12.66
675 650 15.23
675 1469 25.14
676 4355 102.42
676 899 53.52
676 2922 91.36
677 402 139.45
677 2057 201.16
677 3357 155.88
678 3671 70.54
679 100 81.91
679 27 156.69
679 1471 94.85
680 2048 46.21
680 3390 55.29
681 2447 6.84
682 3168 168.52
682 1524 112.1
682 661 66.26
682 731 100.17
683 629 92.96
683 23 83.14
684 2453 2.37
685 3170 62.99
685 3147 105.09
685 284 64.14
686 4136 63.38
686 4829 128.78
686 1199 63.06
687 689 8.72
688 746 29.95
688 1786 13.21
688 74 52.82
689 2384 89.51
689 687 8.72
690 3170 67.71
690 2677 35.37
690 265 115.22
691 3315 11.5
692 3492 15.59
693 212 108.42
693 4904 33.59
693 639 105.4
694 2240 55.91
694 3664 183.34
694 4719 128.0
695 4418 240.6
695 949 45.15
695 392 32.63
695 2462 27.12
695 4414 87.83
696 2129 24.09
696 3750 208.0
696 2715 46.62
697 611 50.29
697 774 77.59
698 2045 110.89
699 1875 50.95
699 2051 10.05
700 583 118.86
700 3783 78.54
700 5071 71.48
701 727 396.5
701 4894 188.96
702 640 55.76
702 705 47.49
703 3186 137.05
703 2051 16.93
703 1093 92.19
703 2806 69.22
704 1379 191.92
704 2504 91.35
704 3390 156.33
705 4554 43.76
705 702 47.49
705 79 45.02
706 708 17.67
706 1417 12.82
706 3148 53.77
707 1875 5.34
707 2051 37.66
707 854 11.08
708 706 17.67
709 2145 140.44
709 1663 49.51
709 4175 71.63
710 712 72.2
710 811 222.27
711 4292 58.23
711 1301 58.78
711 2479 176.21
712 710 72.2
712 718 153.18
713 4971 186.96
713 717 46.5
714 1704 73.15
714 3374 57.98
714 1295 119.14
715 2512 33.35
715 2498 33.42
715 2479 101.09
716 3376 56.06
716 182 158.3
716 3371 120.2
717 713 46.5
717 4634 11.73
717 5101 22.98
718 712 153.18
719 1874 21.3
719 4634 46.68
719 5101 62.71
720 249 12.99
721 724 21.55
721 3373 22.36
721 207 21.76
722 4138 63.63
722 1339 37.55
722 2541 87.2
723 3603 118.79
723 2312 219.89
723 3529 123.64
724 721 21.55
724 3373 6.07
724 207 2.87
725 769 103.16
725 772 67.76
725 2763 29.48
726 1298 88.36
726 3148 84.93
727 786 105.0
727 701 396.5
728 360 30.36
728 810 105.64
728 5020 38.0
729 893 149.86
729 766 46.68
730 827 14.44
730 4411 3.14
730 844 20.92
731 1348 18.11
731 682 100.17
732 2436 113.6
732 520 37.05
732 767 148.9
733 3399 95.21
733 3420 60.43
733 783 150.55
734 4371 103.9
734 312 26.57
734 3532 167.07
735 1 204.53
735 5010 91.25
735 1445 59.22
735 1339 90.6
736 5170 100.89
736 2804 62.44
736 5167 178.96
737 805 95.91
738 4124 15.64
738 4140 56.23
738 141 122.14
739 743 72.63
739 1559 39.34
739 840 35.06
740 1360 77.13
740 3574 20.31
740 3578 28.4
741 4756 188.42
741 4885 62.35
741 826 164.32
742 889 49.89
742 5066 246.68
743 739 72.63
744 5 146.16
744 75 70.66
744 2700 140.17
745 656 134.75
745 770 69.98
745 5020 187.75
746 688 29.95
746 521 10.18
746 74 44.07
747 324 98.35
747 4244 158.51
747 3166 56.54
748 4874 124.37
749 2800 196.16
749 788 156.01
749 2798 24.19
750 221 33.19
751 3984 67.05
751 597 150.0
751 473 113.74
751 460 14.44
752 4553 8.2
752 810 7.55
752 223 76.68
753 3222 71.49
753 763 6.93
753 1773 43.21
754 5153 108.57
754 756 46.79
754 2228 257.04
755 1779 151.56
755 2919 18.51
756 754 46.79
756 2501 107.38
756 3979 112.68
757 2897 192.73
757 762 18.8
758 759 66.46
759 3888 179.12
759 758 66.46
759 3884 102.92
760 768 60.75
760 360 42.59
760 761 19.54
761 1142 16.26
761 760 19.54
762 757 18.8
762 2919 66.61
763 753 6.93
763 2530 52.05
763 1235 66.42
764 3137 8.15
764 3134 10.5
765 4326 437.45
765 183 174.01
766 729 46.68
766 5085 104.99
767 1731 51.31
767 2476 51.16
767 732 148.9
768 760 60.75
769 4001 113.59
769 725 103.16
769 4519 42.73
770 745 69.98
771 3987 207.65
771 2020 156.73
771 1383 178.23
772 725 67.76
773 4482 197.2
773 1525 61.93
773 2829 94.54
774 697 77.59
774 636 338.07
775 1444 27.95
775 1733 44.9
775 790 19.0
775 777 23.04
776 3861 89.76
776 1545 232.22
776 2793 71.64
777 790 30.71
777 775 23.04
777 792 16.34
778 791 167.89
778 792 33.99
778 2204 49.35
779 1250 258.91
779 4715 10.47
779 1676 15.56
780 32 169.79
780 4857 165.16
780 4557 104.65
781 2521 43.19
781 2219 53.34
781 2653 96.89
781 5166 121.03
782 1538 44.77
782 312 190.4
782 4527 168.97
783 1606 149.75
783 477 104.65
783 733 150.55
784 3793 6.86
785 2853 55.49
785 789 158.08
785 4567 67.32
785 2953 55.12
786 727 105.0
786 1739 41.71
787 3216 479.16
787 3746 74.8
787 2024 69.04
788 749 156.01
789 785 158.08
789 1394 33.33
789 1410 40.99
789 3672 21.53
790 1444 35.08
790 775 19.0
790 777 30.71
790 2857 92.36
791 800 22.98
791 803 22.91
791 778 167.89
792 777 16.34
792 778 33.99
792 2204 35.63
793 277 77.64
793 4871 282.35
793 794 7.55
793 797 7.81
794 793 7.55
795 796 31.34
795 798 23.76
795 799 13.34
796 1811 28.83
796 1813 13.02
796 795 31.34
797 793 7.81
798 1813 10.05
798 795 23.76
798 4796 24.15
799 801 21.57
799 795 13.34
799 4796 23.43
800 803 20.97
800 791 22.98
800 2204 143.06
801 802 4.33
801 799 21.57
802 801 4.33
802 815 9.77
803 800 20.97
803 806 72.96
803 791 22.91
804 4960 69.42
804 4963 92.1
805 737 95.91
805 2558 59.12
806 803 72.96
806 1995 155.66
806 1982 33.93
807 1678 81.08
807 1679 4.25
808 832 0.62
808 5025 66.65
808 4553 4.04
809 3860 87.07
809 3881 81.24
809 3867 201.92
809 812 76.52
810 832 5.72
810 752 7.55
810 728 105.64
811 710 222.27
811 3414 22.68
811 4254 18.2
812 809 76.52
813 2192 134.52
813 1571 136.14
813 30 88.47
814 1453 158.65
814 3374 27.78
815 802 9.77
816 2722 74.26
816 566 73.53
816 598 23.96
817 256 70.84
817 923 189.34
818 5124 60.02
818 398 81.41
819 4792 31.75
819 2957 88.98
819 3070 63.62
820 1345 10.56
820 566 60.74
820 4138 8.87
821 2722 24.98
821 2549 24.26
822 2722 14.93
822 2603 180.16
823 3 61.07
823 6 229.89
823 4607 18.74
824 2539 32.37
824 4332 132.84
824 847 120.55
825 2368 70.55
825 403 55.95
825 1524 14.89
826 2784 69.61
826 4244 175.54
826 741 164.32
826 302 90.88
827 3634 4.77
827 730 14.44
827 844 27.36
828 1653 39.76
828 1579 28.82
829 4640 62.69
829 4540 213.45
829 4415 7.09
830 1798 5.02
830 4778 112.45
830 4814 273.56
831 1654 36.17
831 4652 121.66
832 808 0.62
832 810 5.72
833 4256 43.55
833 41 34.07
833 4652 95.97
833 4639 72.02
834 1328 57.32
834 837 71.07
835 3145 22.18
835 3498 24.08
835 910 21.15
836 2466 105.99
836 3954 19.87
836 214 11.23
836 4950 20.8
837 834 71.07
837 4468 64.43
838 322 67.23
838 1929 17.21
839 4484 75.84
839 3115 75.28
839 845 83.8
840 739 35.06
840 4841 5.13
840 1550 17.62
841 2529 54.97
841 1067 89.28
841 415 57.87
842 3634 37.11
842 1943 37.45
842 2011 109.87
843 3621 103.32
843 3863 58.72
843 3612 94.55
844 730 20.92
844 2715 6.72
844 827 27.36
845 4711 82.58
845 839 83.8
845 2955 77.34
846 1760 34.29
846 1554 9.21
846 1559 16.63
847 4420 154.38
847 824 120.55
847 4328 118.88
848 850 75.56
848 4836 91.79
848 3022 36.49
849 2373 30.77
849 4358 32.14
849 1646 78.46
850 848 75.56
850 4328 62.42
851 1411 62.7
851 5132 13.75
852 96 33.86
852 2209 26.54
852 2212 30.51
853 1856 19.56
853 5105 18.9
853 3384 45.23
853 137 141.94
854 1875 7.45
854 707 11.08
854 2806 8.03
854 223 8.47
855 872 17.44
856 2195 136.06
856 1092 10.65
856 1755 219.6
857 4662 144.28
857 2602 10.91
858 866 4.73
858 869 3.97
858 4662 20.18
859 3987 61.22
859 280 12.51
860 3496 46.27
860 3500 4.05
861 2464 242.74
861 1052 85.55
861 4349 38.36
862 5132 256.34
862 3245 149.88
862 5118 113.61
863 55 152.33
863 3933 580.1
864 867 25.14
864 1098 180.74
864 1114 23.72
865 2097 165.9
865 870 175.78
865 87 143.65
866 869 2.9
866 1977 19.35
866 858 4.73
867 864 25.14
867 5154 89.29
867 1114 34.98
868 1428 92.52
869 866 2.9
869 858 3.97
870 865 175.78
870 4981 44.31
871 2068 210.88
871 886 39.5
871 1031 5.4
872 2022 85.18
872 855 17.44
872 1420 236.38
873 4273 87.31
873 3428 37.7
873 1626 22.72
874 1904 44.09
874 875 15.16
874 878 64.11
875 881 45.33
875 874 15.16
875 878 62.39
876 3126 14.29
876 2922 204.53
876 363 93.37
876 879 38.13
877 4249 157.8
878 874 64.11
878 875 62.39
878 1918 11.82
879 3131 12.38
879 876 38.13
879 1020 74.6
879 62 101.77
880 2704 207.31
880 882 39.16
880 1770 35.56
881 1904 15.69
881 1977 19.48
881 875 45.33
882 880 39.16
882 231 39.11
883 4112 23.93
883 4945 26.05
884 496 63.29
884 505 63.95
884 892 179.01
884 927 59.71
885 1537 73.75
885 2105 34.51
886 4983 120.34
886 871 39.5
886 519 5.43
887 3489 24.49
888 2673 370.09
888 5101 32.1
889 1571 62.23
889 742 49.89
889 3804 112.54
890 3472 116.63
890 3775 20.02
891 1141 70.01
891 5035 49.7
891 5021 98.92
891 2159 159.47
892 18 54.5
892 884 179.01
892 933 48.52
893 1510 180.32
893 729 149.86
893 4847 34.33
894 1553 22.67
894 4322 49.02
895 3862 154.14
895 2746 204.41
895 4044 97.8
895 4046 69.93
896 906 204.81
896 2571 67.3
896 4046 72.07
897 600 41.21
898 4592 27.71
898 1028 38.83
898 1422 29.06
899 676 53.52
899 600 95.27
899 911 333.29
900 2262 5.01
900 907 85.95
901 115 79.74
901 15 135.39
902 4339 303.98
902 4463 179.8
903 919 227.17
903 904 70.47
903 2284 104.52
904 903 70.47
904 2184 237.69
904 2185 226.6
905 466 120.92
905 188 111.47
905 927 58.81
906 896 204.81
906 2765 71.9
906 2030 45.64
907 2836 15.95
907 900 85.95
908 2519 250.58
908 285 72.0
909 2401 114.11
909 313 61.76
909 2363 10.25
909 4782 40.5
910 2016 115.59
910 835 21.15
910 3145 23.84
911 899 333.29
911 2199 108.03
911 4313 110.59
912 3538 33.63
912 1001 74.58
913 53 6.13
913 918 19.14
914 1239 40.39
914 1227 36.8
915 930 35.11
915 2199 71.7
915 926 46.83
916 2787 53.32
916 5055 165.98
917 1659 35.58
917 3837 89.69
918 913 19.14
918 2553 105.63
918 5164 26.18
919 5173 30.83
919 903 227.17
919 1064 41.44
920 4341 82.92
920 4599 33.57
921 4752 26.96
921 230 76.42
921 925 69.37
922 256 25.9
922 4029 186.82
923 817 189.34
923 1637 147.49
923 4599 65.22
924 3073 20.45
924 3586 153.57
924 3661 108.34
925 2545 55.07
925 921 69.37
925 2107 100.87
926 1810 132.88
926 915 46.83
927 884 59.71
927 933 144.97
927 905 58.81
928 3601 54.32
928 3533 11.55
928 3615 14.65
929 3570 109.11
929 3339 31.36
929 3533 89.39
929 2702 162.39
930 915 35.11
930 1144 123.69
930 1839 18.34
931 5072 42.49
931 3960 67.72
931 5050 140.41
932 3416 70.81
932 938 187.03
933 188 48.53
933 892 48.52
933 927 144.97
934 1235 27.37
934 1364 91.04
935 4292 144.51
935 2363 164.04
935 2413 103.72
935 2383 98.06
936 1364 50.26
936 5018 10.86
936 938 151.26
937 2785 22.55
937 2419 58.78
937 2381 58.02
938 932 187.03
938 936 151.26
938 174 34.39
939 632 88.07
940 3925 65.46
940 2252 79.12
940 4591 194.1
941 3253 119.74
941 3254 76.6
942 947 66.77
942 1203 45.36
942 1159 23.45
943 947 47.09
943 1189 46.88
943 1528 23.39
944 4824 26.2
944 958 27.49
945 962 166.7
945 646 216.52
945 57 73.46
946 1946 102.21
946 3388 442.68
946 1934 75.48
947 1191 45.3
947 4167 23.97
947 942 66.77
947 943 47.09
948 3777 208.46
948 2636 130.8
948 1357 99.49
949 4208 80.82
949 4512 240.04
949 695 45.15
950 84 113.53
950 4405 68.89
950 1946 186.6
951 1457 63.93
951 962 34.48
951 310 128.14
952 1056 308.44
952 1872 55.03
952 469 17.5
953 3877 86.51
953 3893 159.43
953 954 78.55
954 3158 85.14
954 3176 159.58
954 953 78.55
955 3219 544.31
955 3389 6.77
956 241 60.74
956 4763 40.46
956 1374 9.41
957 3888 15.14
957 4882 169.48
957 1624 286.12
958 944 27.49
958 3236 64.79
958 318 57.54
959 306 133.91
959 1574 116.48
959 59 62.33
960 3427 103.79
960 3782 31.73
960 2474 9.31
961 4208 10.7
961 4264 104.71
961 991 221.23
962 945 166.7
962 306 59.51
962 951 34.48
963 4595 106.49
963 375 220.83
963 4766 155.79
964 969 152.28
964 3418 87.49
964 3407 185.29
965 4595 20.27
965 3365 17.36
965 3192 175.84
965 4623 216.48
966 224 71.06
966 594 24.4
966 445 45.04
967 220 54.01
967 974 10.2
968 974 12.09
969 1168 230.96
969 1456 131.75
969 964 152.28
969 3646 113.79
970 3365 49.38
970 3638 31.15
970 971 21.45
971 3638 28.78
971 72 96.68
971 970 21.45
972 3424 163.24
972 3412 71.74
972 3418 265.41
972 3419 68.96
973 401 57.45
973 3300 26.47
973 974 70.96
974 967 10.2
974 968 12.09
974 973 70.96
975 977 5.91
975 4405 141.98
975 2078 114.87
976 3408 81.06
976 3651 66.96
976 596 91.63
976 989 91.75
977 2054 109.45
977 2073 118.79
977 975 5.91
978 5104 13.88
978 1169 53.28
979 2500 135.26
979 980 70.94
979 982 65.56
979 3454 106.7
980 2432 84.9
980 2 134.97
980 979 70.94
981 2480 72.53
981 2 9.21
981 5078 126.65
982 979 65.56
982 995 66.09
982 5098 136.0
983 1680 18.9
983 4620 35.07
984 2480 155.88
984 5078 188.2
984 985 43.87
984 3291 52.83
985 984 43.87
985 3291 12.82
986 986 0.0
986 988 72.76
987 995 158.2
987 5098 44.08
987 3291 147.85
988 986 72.76
988 2590 92.79
989 976 91.75
989 993 239.5
989 596 9.05
990 2592 289.06
990 1454 83.08
991 961 221.23
991 4514 6.05
991 4501 98.13
992 3616 134.36
992 4482 140.83
992 4535 47.94
993 4243 88.85
993 5078 4.2
993 989 239.5
994 1003 54.69
995 4868 104.58
995 982 66.09
995 987 158.2
996 1027 5.5
996 997 32.62
996 1612 209.96
997 1026 13.65
997 996 32.62
998 1008 111.39
998 2948 125.42
998 216 52.61
999 1954 24.96
999 2998 15.21
999 3655 0.79
1000 1013 63.54
1000 1002 47.65
1000 1738 27.1
1001 912 74.58
1001 3538 66.31
1001 4742 175.27
1002 1010 77.59
1002 1156 85.7
1002 1000 47.65
1003 994 54.69
1003 18 54.3
1003 76 74.65
1004 1009 9.96
1004 582 63.0
1004 1005 17.49
1005 577 121.31
1005 1004 17.49
1005 1007 10.32
1006 1155 33.38
1006 1156 77.8
1006 1015 61.87
1007 1009 17.53
1007 3298 345.42
1007 1005 10.32
1008 1011 27.93
1008 998 111.39
1008 157 63.49
1009 3160 17.05
1009 1004 9.96
1009 1007 17.53
1010 1155 52.82
1010 3048 38.42
1010 1002 77.59
1011 1008 27.93
1012 1014 37.99
1012 1016 68.03
1013 328 172.87
1013 1000 63.54
1013 4989 149.36
1014 1012 37.99
1014 1019 59.52
1015 1017 68.48
1015 1146 66.11
1015 1006 61.87
1016 1012 68.03
1016 4471 119.51
1016 2119 118.37
